6830
6870
6880
6893
6900
6920
6933
6940
6950
6960
6971
6973
6980
6990
7100
7120
7130
7140
7150
7160
7171
7260
7270
7280
7323
7330
7361
7362
7400
7430
7441
7442
7451
7470
7480
7490
7500
7540
7550
7560
7570
7600
7620
7650
7660
7673
7680
7760
7790
7800
7830
7840
7850
7860
7870
7884
8000
8200
8210
8220
8230
8240
8245
8250
8260
8270
8300
8305
8310
8320
8330
8340
8350
8355
8361
8362
8370
8380
8381
8382
8400
8410
8420
8444
8450
8462
8464
8471
8472
8500
8520
8530
8541
8543
8544
8550
8560
8570
8581
8585
8586
8592
8600
8620
8632
8641
8643
8653
8654
8660
8670
8680
8700
8721
8722
8723
8732
8740
8751
8752
8762
8763
8765
8766
8781
8783
8789
8799
8800
8830
8831
8832
8840
8850
8860
8870
8881
8882
8883
8900
8920
8930
8940
8950
8960
8961
8963
8970
8981
8983
8990
9500
9550
9620
9631
9632