5000
5200
5210
5220
5230
5240
5250
5260
5270
5290
5300
5320
5330
5350
5370
5380
5390
5400
5450
5462
5463
5464
5466
5471
5474
5485
5491
5492
5500
5540
5550
5560
5580
5591
5592
5600
5601
5602
5603
5610
5620
5631
5642
5672
5683
5690
5700
5750
5762
5771
5772
5792
5800
5853
5854
5856
5863
5871
5874
5881
5882
5883
5884
5892
5900
5932
5935
5943
5953
5960
5965
5970
5985
6000
6040
6051
6052
6064
6070
6091
6092
6093
6094
6100
6200
6210
6230
6240
6261
6270
6280
6300
6310
6320
6330
6340
6360
6372
6392
6400
6430
6440
6470
6500
6510
6520
6534
6535
6541
6560
6580
6600
6621
6622
6623
6630
6640
6650
6660
6670
6682
6683
6690
6700
6705
6710
6715
6720
6731
6740
6752
6753
6760
6771
6780
6792
6800
6818
6823
6830
6840
6851
6852
6853
6854
6855
6857
6862
6870
6880
7000
7007
7080
7100
7120
7160
7173
7182
7183
7184
7190
7200
7250
7260
7270
7300
7321
7323
7330
7361
